   5.0000000e-02
   5.4700000e-02
   5.9400000e-02
   6.4300000e-02
   6.9600000e-02
   7.5000000e-02
   8.0700000e-02
   8.6600000e-02
   9.2700000e-02
   9.9100000e-02
   1.0560000e-01
   1.1240000e-01
   1.1940000e-01
   1.2670000e-01
   1.3420000e-01
   1.4190000e-01
   1.4980000e-01
   1.5800000e-01
   1.6640000e-01
   1.7500000e-01
   1.8390000e-01
   1.9310000e-01
   2.0250000e-01
   2.1210000e-01
   2.2200000e-01
   2.3210000e-01
   2.4250000e-01
   2.5320000e-01
   2.6410000e-01
   2.7520000e-01
   2.8670000e-01
   2.9840000e-01
   3.1040000e-01
   3.2260000e-01
   3.3510000e-01
   3.4790000e-01
   3.6100000e-01
   3.7440000e-01
   3.8800000e-01
   4.0190000e-01
   4.1610000e-01
   4.3060000e-01
   4.4540000e-01
   4.6050000e-01
   4.7590000e-01
   4.9160000e-01
   5.0760000e-01
   5.2390000e-01
   5.4050000e-01
   5.5740000e-01
   5.7460000e-01
   5.9210000e-01
   6.1000000e-01
   6.2810000e-01
   6.4660000e-01
   6.6540000e-01
   6.8460000e-01
   7.0400000e-01
   7.2380000e-01
   7.4400000e-01
   7.6440000e-01
   7.8520000e-01
   8.0640000e-01
   8.2780000e-01
   8.4970000e-01
   8.7180000e-01
   8.9440000e-01
   9.1720000e-01
   9.4050000e-01
   9.6400000e-01
   9.8800000e-01
   1.0123000e+00
   1.0370000e+00
   1.0620000e+00
   1.0874000e+00
   1.1132000e+00
   1.1394000e+00
   1.1659000e+00
   1.1928000e+00
   1.2201000e+00
   1.2478000e+00
   1.2759000e+00
   1.3044000e+00
   1.3332000e+00
   1.3625000e+00
   1.3921000e+00
   1.4222000e+00
   1.4527000e+00
   1.4835000e+00
   1.5148000e+00
   1.5465000e+00
   1.5786000e+00
   1.6111000e+00
   1.6441000e+00
   1.6775000e+00
   1.7113000e+00
   1.7455000e+00
   1.7802000e+00
   1.8153000e+00
   1.8508000e+00
   1.8868000e+00
   1.9233000e+00
   1.9601000e+00
   1.9975000e+00
   2.0352000e+00
   2.0735000e+00
   2.1122000e+00
   2.1514000e+00
   2.1910000e+00
   2.2311000e+00
   2.2717000e+00
   2.3127000e+00
   2.3543000e+00
   2.3963000e+00
   2.4388000e+00
   2.4817000e+00
   2.5252000e+00
   2.5692000e+00
   2.6137000e+00
   2.6587000e+00
   2.7041000e+00
   2.7501000e+00
   2.7966000e+00
   2.8436000e+00
   2.8912000e+00
   2.9392000e+00
   2.9878000e+00
   3.0369000e+00
   3.0866000e+00
   3.1367000e+00
   3.1875000e+00
   3.2387000e+00
   3.2905000e+00
   3.3429000e+00
   3.3958000e+00
   3.4493000e+00
   3.5033000e+00
   3.5579000e+00
   3.6131000e+00
   3.6688000e+00
   3.7252000e+00
   3.7820000e+00
   3.8395000e+00
   3.8976000e+00
   3.9563000e+00
   4.0155000e+00
   4.0754000e+00
   4.1358000e+00
   4.1969000e+00
   4.2586000e+00
   4.3209000e+00
   4.3838000e+00
   4.4473000e+00
   4.5115000e+00
   4.5763000e+00
   4.6417000e+00
   4.7078000e+00
   4.7745000e+00
   4.8419000e+00
   4.9099000e+00
   4.9785000e+00
   5.0479000e+00
   5.1179000e+00
   5.1886000e+00
   5.2599000e+00
   5.3319000e+00
   5.4046000e+00
   5.4780000e+00
   5.5521000e+00
   5.6269000e+00
   5.7024000e+00
   5.7786000e+00
   5.8555000e+00
   5.9331000e+00
   6.0114000e+00
   6.0905000e+00
   6.1702000e+00
   6.2508000e+00
   6.3320000e+00
   6.4140000e+00
   6.4968000e+00
   6.5803000e+00
   6.6645000e+00
   6.7496000e+00
   6.8354000e+00
   6.9219000e+00
   7.0093000e+00
   7.0974000e+00
   7.1863000e+00
   7.2760000e+00
   7.3665000e+00
   7.4578000e+00
   7.5500000e+00
   7.6429000e+00
   7.7366000e+00
   7.8312000e+00
   7.9266000e+00
   8.0229000e+00
   8.1199000e+00
   8.2179000e+00
   8.3167000e+00
   8.4163000e+00
   8.5168000e+00
   8.6182000e+00
   8.7204000e+00
   8.8235000e+00
   8.9275000e+00
   9.0324000e+00
   9.1382000e+00
   9.2449000e+00
   9.3525000e+00
   9.4611000e+00
   9.5705000e+00
   9.6809000e+00
   9.7922000e+00
   9.9044000e+00
   1.0017600e+01
   1.0131800e+01
   1.0246900e+01
   1.0362900e+01
   1.0480000e+01
   1.0598000e+01
   1.0716900e+01
   1.0836900e+01
   1.0957900e+01
   1.1079900e+01
   1.1202800e+01
   1.1326800e+01
   1.1451800e+01
   1.1577900e+01
   1.1705000e+01
   1.1833100e+01
   1.1962200e+01
   1.2092500e+01
   1.2223700e+01
   1.2356100e+01
   1.2489500e+01
   1.2624000e+01
   1.2759600e+01
   1.2896300e+01
   1.3034100e+01
   1.3173000e+01
   1.3313000e+01
   1.3454200e+01
   1.3596500e+01
   1.3739900e+01
   1.3884400e+01
   1.4030200e+01
   1.4177000e+01
   1.4325100e+01
   1.4474300e+01
   1.4624700e+01
   1.4776300e+01
   1.4929100e+01
   1.5083100e+01
   1.5238400e+01
   1.5394800e+01
   1.5552500e+01
   1.5711400e+01
   1.5871600e+01
   1.6033000e+01
   1.6195700e+01
   1.6359600e+01
   1.6524900e+01
   1.6691400e+01
   1.6859200e+01
   1.7028300e+01
   1.7198700e+01
   1.7370500e+01
   1.7543600e+01
   1.7718000e+01
   1.7893800e+01
   1.8070900e+01
   1.8249400e+01
   1.8429300e+01
   1.8610500e+01
   1.8793100e+01
   1.8977200e+01
   1.9162600e+01
   1.9349500e+01
   1.9537800e+01
   1.9727500e+01
   1.9918700e+01
   2.0111300e+01
   2.0305400e+01
   2.0500900e+01
   2.0698000e+01
   2.0896500e+01
   2.1096600e+01
   2.1298100e+01
   2.1501200e+01
   2.1705800e+01
   2.1912000e+01
   2.2119700e+01
   2.2328900e+01
   2.2539800e+01
   2.2752200e+01
   2.2966200e+01
   2.3181800e+01
   2.3399000e+01
   2.3617900e+01
   2.3838300e+01
   2.4060500e+01
   2.4284200e+01
   2.4509700e+01
   2.4736800e+01
   2.4965600e+01
   2.5196100e+01
   2.5428300e+01
   2.5662200e+01
   2.5897900e+01
   2.6135300e+01
   2.6374400e+01
   2.6615300e+01
   2.6858000e+01
   2.7102500e+01
   2.7348800e+01
   2.7596900e+01
   2.7846800e+01
   2.8098500e+01
   2.8352100e+01
   2.8607500e+01
   2.8864800e+01
   2.9124000e+01
   2.9385100e+01
   2.9648100e+01
   2.9913000e+01
   3.0179800e+01
   3.0448600e+01
   3.0719300e+01
   3.0992000e+01
   3.1266700e+01
   3.1543400e+01
   3.1822000e+01
   3.2102700e+01
   3.2385400e+01
   3.2670200e+01
   3.2957000e+01
   3.3245900e+01
   3.3536900e+01
   3.3830000e+01
   3.4125100e+01
   3.4422400e+01
   3.4721900e+01
   3.5023500e+01
   3.5327200e+01
   3.5633200e+01
   3.5941300e+01
   3.6251600e+01
   3.6564200e+01
   3.6879000e+01
   3.7196000e+01
   3.7515300e+01
   3.7836900e+01
   3.8160800e+01
   3.8487000e+01
   3.8815500e+01
   3.9146300e+01
   3.9479500e+01
   3.9815100e+01
   4.0153000e+01
   4.0493300e+01
   4.0836100e+01
   4.1181300e+01
   4.1528900e+01
   4.1879000e+01
   4.2231600e+01
   4.2586600e+01
   4.2944200e+01
   4.3304300e+01
   4.3666900e+01
   4.4032100e+01
   4.4399800e+01
   4.4770200e+01
   4.5143100e+01
   4.5518700e+01
   4.5896900e+01
   4.6277800e+01
   4.6661300e+01
   4.7047500e+01
   4.7436500e+01
   4.7828100e+01
   4.8222500e+01
   4.8619700e+01
   4.9019600e+01
   4.9422400e+01
   4.9827900e+01
   5.0236300e+01
   5.0647500e+01
   5.1061600e+01
   5.1478600e+01
   5.1898500e+01
   5.2321300e+01
   5.2747000e+01
   5.3175700e+01
   5.3607400e+01
   5.4042100e+01
   5.4479800e+01
   5.4920500e+01
   5.5364300e+01
   5.5811200e+01
   5.6261100e+01
   5.6714200e+01
   5.7170400e+01
   5.7629800e+01
   5.8092300e+01
   5.8558100e+01
   5.9027000e+01
   5.9499200e+01
   5.9974700e+01
   6.0453400e+01
   6.0935400e+01
   6.1420800e+01
   6.1909400e+01
   6.2401500e+01
   6.2896900e+01
   6.3395800e+01
   6.3898000e+01
   6.4403700e+01
   6.4912900e+01
   6.5425600e+01
   6.5941800e+01
   6.6461500e+01
   6.6984800e+01
   6.7511700e+01
   6.8042200e+01
   6.8576300e+01
   6.9114000e+01
   6.9655500e+01
   7.0200600e+01
   7.0749500e+01
   7.1302100e+01
   7.1858500e+01
   7.2418700e+01
   7.2982700e+01
   7.3550500e+01
   7.4122200e+01
   7.4697800e+01
   7.5277300e+01
   7.5860800e+01
   7.6448200e+01
   7.7039600e+01
   7.7635100e+01
   7.8234600e+01
   7.8838100e+01
   7.9445800e+01
   8.0057600e+01
   8.0673500e+01
   8.1293600e+01
   8.1917900e+01
   8.2546400e+01
   8.3179200e+01
   8.3816300e+01
   8.4457700e+01
   8.5103400e+01
   8.5753500e+01
   8.6407900e+01
   8.7066800e+01
   8.7730200e+01
   8.8398000e+01
   8.9070300e+01
   8.9747200e+01
   9.0428600e+01
   9.1114700e+01
   9.1805300e+01
   9.2500600e+01
   9.3200600e+01
   9.3905300e+01
   9.4614700e+01
   9.5328900e+01
   9.6048000e+01
   9.6771800e+01
   9.7500500e+01
   9.8234100e+01
   9.8972600e+01
   9.9716100e+01
   1.0046460e+02
   1.0121810e+02
   1.0197670e+02
   1.0274030e+02
   1.0350910e+02
   1.0428300e+02
   1.0506210e+02
   1.0584640e+02
   1.0663590e+02
   1.0743080e+02
   1.0823090e+02
   1.0903640e+02
   1.0984730e+02
   1.1066370e+02
   1.1148540e+02
   1.1231270e+02
   1.1314550e+02
   1.1398380e+02
   1.1482780e+02
   1.1567730e+02
   1.1653260e+02
   1.1739350e+02
   1.1826020e+02
   1.1913260e+02
   1.2001090e+02
   1.2089500e+02
   1.2178500e+02
   1.2268090e+02
   1.2358280e+02
   1.2449070e+02
   1.2540470e+02
   1.2632470e+02
   1.2725080e+02
   1.2818310e+02
   1.2912150e+02
   1.3006620e+02
   1.3101720e+02
   1.3197450e+02
   1.3293810e+02
   1.3390820e+02
   1.3488470e+02
   1.3586760e+02
   1.3685710e+02
   1.3785310e+02
   1.3885570e+02
   1.3986500e+02
   1.4088100e+02
   1.4190370e+02
   1.4293310e+02
   1.4396940e+02
   1.4501250e+02
   1.4606250e+02
   1.4711950e+02
   1.4818350e+02
   1.4925450e+02
   1.5033260e+02
   1.5141780e+02
   1.5251010e+02
   1.5360970e+02
   1.5471660e+02
   1.5583070e+02
   1.5695230e+02
   1.5808120e+02
   1.5921750e+02
   1.6036140e+02
   1.6151280e+02
   1.6267180e+02
   1.6383840e+02
   1.6501280e+02
   1.6619480e+02
   1.6738470e+02
   1.6858240e+02
   1.6978800e+02
   1.7100150e+02
   1.7222300e+02
   1.7345260e+02
   1.7469020e+02
   1.7593600e+02
   1.7719000e+02
   1.7845220e+02
   1.7972270e+02
   1.8100160e+02
   1.8228890e+02
   1.8358460e+02
   1.8488890e+02
   1.8620170e+02
   1.8752320e+02
   1.8885330e+02
   1.9019210e+02
   1.9153980e+02
   1.9289630e+02
   1.9426170e+02
   1.9563600e+02
   1.9701940e+02
   1.9841190e+02
   1.9981340e+02
   2.0122420e+02
   2.0264420e+02
   2.0407350e+02
   2.0551220e+02
   2.0696030e+02
   2.0841790e+02
   2.0988510e+02
   2.1136180e+02
   2.1284820e+02
   2.1434440e+02
   2.1585030e+02
   2.1736610e+02
   2.1889190e+02
   2.2042760e+02
   2.2197330e+02
   2.2352920e+02
   2.2509520e+02
   2.2667150e+02
   2.2825810e+02
   2.2985500e+02
   2.3146240e+02
   2.3308030e+02
   2.3470880e+02
   2.3634790e+02
   2.3799770e+02
   2.3965830e+02
   2.4132970e+02
   2.4301200e+02
   2.4470540e+02
   2.4640970e+02
   2.4812520e+02
   2.4985190e+02
   2.5158990e+02
   2.5333920e+02
   2.5509990e+02
   2.5687210e+02
   2.5865590e+02
   2.6045120e+02
   2.6225830e+02
   2.6407720e+02
   2.6590790e+02
   2.6775060e+02
   2.6960520e+02
   2.7147200e+02
   2.7335090e+02
   2.7524200e+02
   2.7714550e+02
   2.7906140e+02
   2.8098970e+02
   2.8293060e+02
   2.8488410e+02
   2.8685040e+02
   2.8882940e+02
   2.9082130e+02
   2.9282620e+02
   2.9484420e+02
   2.9687520e+02
   2.9891950e+02
   3.0097700e+02
   3.0304800e+02
   3.0513240e+02
   3.0723040e+02
   3.0934200e+02
   3.1146730e+02
   3.1360650e+02
   3.1575950e+02
   3.1792660e+02
   3.2010770e+02
   3.2230300e+02
   3.2451260e+02
   3.2673650e+02
   3.2897490e+02
   3.3122780e+02
   3.3349530e+02
   3.3577760e+02
   3.3807470e+02
   3.4038670e+02
   3.4271370e+02
   3.4505580e+02
   3.4741310e+02
   3.4978580e+02
   3.5217380e+02
   3.5457730e+02
   3.5699640e+02
   3.5943120e+02
   3.6188180e+02
   3.6434830e+02
   3.6683080e+02
   3.6932940e+02
   3.7184420e+02
   3.7437540e+02
   3.7692290e+02
   3.7948690e+02
   3.8206760e+02
   3.8466500e+02
   3.8727930e+02
   3.8991050e+02
   3.9255870e+02
   3.9522410e+02
   3.9790680e+02
   4.0060690e+02
   4.0332450e+02
   4.0605960e+02
   4.0881250e+02
   4.1158330e+02
   4.1437190e+02
   4.1717870e+02
   4.2000360e+02
   4.2284680e+02
   4.2570850e+02
   4.2858860e+02
   4.3148750e+02
   4.3440510e+02
   4.3734150e+02
   4.4029700e+02
   4.4327170e+02
   4.4626550e+02
   4.4927880e+02
   4.5231160e+02
   4.5536400e+02
   4.5843610e+02
   4.6152820e+02
   4.6464020e+02
   4.6777240e+02
   4.7092490e+02
   4.7409770e+02
   4.7729110e+02
   4.8050520e+02
   4.8374000e+02
   4.8699580e+02
   4.9027260e+02
   4.9357060e+02
   4.9689000e+02
   5.0023080e+02
   5.0359320e+02
   5.0697740e+02
   5.1038350e+02
   5.1381160e+02
   5.1726190e+02
   5.2073440e+02
   5.2422940e+02
   5.2774710e+02
   5.3128740e+02
   5.3485070e+02
   5.3843700e+02
   5.4204650e+02
   5.4567930e+02
   5.4933560e+02
   5.5301550e+02
   5.5671920e+02
   5.6044690e+02
   5.6419860e+02
   5.6797460e+02
   5.7177500e+02
   5.7560000e+02
   5.7944970e+02
   5.8332420e+02
   5.8722380e+02
   5.9114860e+02
   5.9509880e+02
   5.9907440e+02
   6.0307580e+02
   6.0710300e+02
   6.1115630e+02
   6.1523570e+02
   6.1934150e+02
   6.2347380e+02
   6.2763280e+02
   6.3181870e+02
   6.3603160e+02
   6.4027170e+02
   6.4453920e+02
   6.4883430e+02
   6.5315710e+02
   6.5750790e+02
   6.6188670e+02
   6.6629390e+02
   6.7072950e+02
   6.7519370e+02
   6.7968680e+02
   6.8420890e+02
   6.8876020e+02
   6.9334090e+02
   6.9795120e+02
   7.0259130e+02
   7.0726130e+02
   7.1196150e+02
   7.1669210e+02
   7.2145310e+02
   7.2624500e+02
   7.3106780e+02
   7.3592170e+02
   7.4080700e+02
   7.4572380e+02
   7.5067230e+02
   7.5565290e+02
   7.6066550e+02
   7.6571060e+02
   7.7078820e+02
   7.7589860e+02
   7.8104200e+02
   7.8621870e+02
   7.9142870e+02
   7.9667240e+02
   8.0195000e+02
   8.0726160e+02
   8.1260750e+02
   8.1798800e+02
   8.2340310e+02
   8.2885330e+02
   8.3433860e+02
   8.3985940e+02
   8.4541580e+02
   8.5100810e+02
   8.5663650e+02
   8.6230120e+02
   8.6800250e+02
   8.7374070e+02
   8.7951580e+02
   8.8532830e+02
   8.9117830e+02
   8.9706610e+02
   9.0299190e+02
   9.0895590e+02
   9.1495850e+02
   9.2099980e+02
   9.2708010e+02
   9.3319970e+02
   9.3935880e+02
   9.4555770e+02
   9.5179660e+02
   9.5807580e+02
   9.6439560e+02
   9.7075610e+02
   9.7715780e+02
   9.8360080e+02
   9.9008530e+02
   9.9661180e+02
   1.0031800e+03
   1.0097910e+03
   1.0164450e+03
   1.0231420e+03
   1.0298820e+03
   1.0366650e+03
   1.0434930e+03
   1.0503640e+03
   1.0572800e+03
   1.0642400e+03
   1.0712460e+03
   1.0782960e+03
   1.0853920e+03
   1.0925340e+03
   1.0997220e+03
   1.1069570e+03
   1.1142380e+03
   1.1215670e+03
   1.1289420e+03
   1.1363660e+03
   1.1438370e+03
   1.1513570e+03
   1.1589250e+03
   1.1665420e+03
   1.1742080e+03
   1.1819240e+03
   1.1896890e+03
   1.1975050e+03
   1.2053710e+03
   1.2132890e+03
   1.2212570e+03
   1.2292770e+03
   1.2373480e+03
   1.2454720e+03
   1.2536480e+03
   1.2618770e+03
   1.2701600e+03
   1.2784950e+03
   1.2868850e+03
   1.2953290e+03
   1.3038270e+03
   1.3123810e+03
   1.3209900e+03
   1.3296540e+03
   1.3383740e+03
   1.3471510e+03
   1.3559840e+03
   1.3648750e+03
   1.3738230e+03
   1.3828290e+03
   1.3918930e+03
   1.4010160e+03
   1.4101970e+03
   1.4194380e+03
   1.4287390e+03
   1.4381000e+03
   1.4475220e+03
   1.4570040e+03
   1.4665480e+03
   1.4761530e+03
   1.4858210e+03
   1.4955510e+03
   1.5053440e+03
   1.5152010e+03
   1.5251210e+03
   1.5351050e+03
   1.5451540e+03
   1.5552680e+03
   1.5654470e+03
   1.5756930e+03
   1.5860040e+03
   1.5963820e+03
   1.6068280e+03
   1.6173410e+03
   1.6279220e+03
   1.6385710e+03
   1.6492900e+03
   1.6600780e+03
   1.6709350e+03
   1.6818630e+03
   1.6928620e+03
   1.7039310e+03
   1.7150730e+03
   1.7262860e+03
   1.7375730e+03
   1.7489320e+03
   1.7603650e+03
   1.7718720e+03
   1.7834530e+03
   1.7951090e+03
   1.8068410e+03
   1.8186490e+03
   1.8305330e+03
   1.8424940e+03
   1.8545330e+03
   1.8666500e+03
   1.8788450e+03
   1.8911190e+03
   1.9034730e+03
   1.9159060e+03
   1.9284200e+03
   1.9410160e+03
   1.9536930e+03
   1.9664520e+03
   1.9792940e+03
   1.9922190e+03
   2.0052270e+03
   2.0183200e+03
   2.0314980e+03
   2.0447620e+03
   2.0581110e+03
   2.0715470e+03
   2.0850700e+03
   2.0986800e+03
   2.1123790e+03
   2.1261670e+03
   2.1400440e+03
   2.1540110e+03
   2.1680690e+03
   2.1822170e+03
   2.1964580e+03
   2.2107910e+03
   2.2252170e+03
   2.2397360e+03
   2.2543500e+03
   2.2690580e+03
   2.2838620e+03
   2.2987620e+03
   2.3137590e+03
   2.3288530e+03
   2.3440450e+03
   2.3593350e+03
   2.3747250e+03
   2.3902140e+03
   2.4058040e+03
   2.4214960e+03
   2.4372890e+03
   2.4531850e+03
   2.4691840e+03
   2.4852860e+03
   2.5014940e+03
   2.5178060e+03
   2.5342250e+03
   2.5507500e+03
   2.5673820e+03
   2.5841230e+03
   2.6009720e+03
   2.6179310e+03
   2.6349990e+03
   2.6521790e+03
   2.6694710e+03
   2.6868740e+03
   2.7043910e+03
   2.7220220e+03
   2.7397670e+03
   2.7576270e+03
   2.7756040e+03
   2.7936970e+03
   2.8119080e+03
   2.8302380e+03
   2.8486870e+03
   2.8672550e+03
   2.8859440e+03
   2.9047550e+03
   2.9236880e+03
   2.9427450e+03
   2.9619250e+03
   2.9812300e+03
   3.0006600e+03
   3.0202170e+03
   3.0399020e+03
   3.0597140e+03
   3.0796550e+03
   3.0997260e+03
   3.1199270e+03
   3.1402600e+03
   3.1607260e+03
   3.1813240e+03
   3.2020570e+03
   3.2229240e+03
   3.2439280e+03
   3.2650680e+03
   3.2863460e+03
   3.3077620e+03
   3.3293180e+03
   3.3510140e+03
   3.3728520e+03
   3.3948310e+03
   3.4169540e+03
   3.4392210e+03
   3.4616330e+03
   3.4841910e+03
   3.5068970e+03
   3.5297500e+03
   3.5527520e+03
   3.5759030e+03
   3.5992060e+03
   3.6226610e+03
   3.6462680e+03
   3.6700300e+03
   3.6939460e+03
   3.7180180e+03
   3.7422480e+03
   3.7666350e+03
   3.7911810e+03
   3.8158880e+03
   3.8407550e+03
   3.8657850e+03
   3.8909780e+03
   3.9163350e+03
   3.9418580e+03
   3.9675470e+03
   3.9934040e+03
