42.6648765837465
55.2042257160225
73.1215122810917
87.5682339576924
104.304260237553
118.888354928995
135.804678784877
152.560515932453
169.910825572939
186.908391167407
202.855826367211
219.744686413877
234.848667373877
251.863442522832
266.028467885402
281.663046216981
295.254753407609
309.141008075051
322.979449533075
335.831832159873
350.195556795735
362.117962569183
376.139757855220
388.397768618626
399.468339345718
409.920500125902
420.435551369822
431.535832264653
440.194848833929
449.851788688571
457.982940312324
466.908618169439
474.871652821427
483.290239359776
491.370223797895
498.807781632454
507.860665609076
516.810870816739
526.704667270025
534.907400218768
543.720932849168
551.075928847662
558.092284388832
564.650959438228
569.644629810520
574.340289694362
576.635159626513
576.635159626513
576.704166825196
576.704166825196
576.704166825196
576.704166825196