4.266487658374654046e+01
5.520422571602247075e+01
7.312151228109171086e+01
8.756823395769244200e+01
1.043042602375532226e+02
1.188883549289952271e+02
1.358046787848774670e+02
1.525605159324533133e+02
1.699108255729387622e+02
1.869083911674065916e+02
2.028558263672112219e+02
2.197446864138771332e+02
2.348486673738769923e+02
2.518634425228316331e+02
2.660284678854016533e+02
2.816630462169804900e+02
2.952547534076087459e+02
3.091410080750513316e+02
3.229794495330754671e+02
3.358318321598733860e+02
3.501955567957352287e+02
3.621179625691834190e+02
3.761397578552201821e+02
3.883977686186262304e+02
3.994683393457182774e+02
4.099205001259015262e+02
4.204355513698224058e+02
4.315358322646532088e+02
4.401948488339286314e+02
4.498517886885709913e+02
4.579829403123242741e+02
4.669086181694386255e+02
4.748716528214264940e+02
4.832902393597759669e+02
4.913702237978946528e+02
4.988077816324537821e+02
5.078606656090764204e+02
5.168108708167388841e+02
5.267046672700254248e+02
5.349074002187684300e+02
5.437209328491678662e+02
5.510759288476615438e+02
5.580922843888324678e+02
5.646509594382283694e+02
5.696446298105195183e+02
5.743402896943617861e+02
5.766351596265126318e+02
5.766351596265126318e+02
5.767041668251961255e+02
5.767041668251961255e+02
5.767041668251961255e+02
5.767041668251961255e+02
