23.7809836941746
25.7954755967061
32.1538545835961
48.4002765120800
69.4115656276159
93.2469353264976
117.762022995337
141.595061105734
163.594851656664
184.834425721148
204.726578878060
225.866196082925
245.193023607716
264.416303359189
278.736160616860
293.389295265430
306.414686255793
319.450615578241
332.367912015094
345.108613714382
355.962392027390
366.692564753794
377.484710698281
387.519350336151
397.654509603541
407.829777528608
417.876868957413
427.779778962907
437.509461491859
446.865443760331
456.416392261293
466.094180600199
475.639735402532
483.417899117893
491.370223797895
498.922925259680
506.771977637558
514.233005703059
522.726030471374
530.954589818003
538.671483691499
546.184188909506
553.504307704188
560.719019800114
567.461624719575
573.638025161808
578.351075606886
582.059741447140
585.485422971316
587.748796105659
588.133469660478
588.197488192986