23.7809836941746
34.8479739784650
45.9149642627555
56.9819545470459
68.0489448313363
79.1159351156267
90.1829253999172
101.249915684208
112.316905968498
123.383896252788
134.450886537079
145.517876821369
156.584867105660
167.651857389950
178.718847674241
189.785837958531
200.852828242821
211.919818527112
222.986808811402
234.053799095693
245.120789379983
256.187779664274
267.254769948564
278.321760232854
289.388750517145
300.455740801435
311.522731085726
322.589721370016
333.656711654306
344.723701938597
355.790692222887
366.857682507178
377.924672791468
388.991663075759
400.058653360049
411.125643644339
422.192633928630
433.259624212920
444.326614497211
455.393604781501
466.460595065792
477.527585350082
488.594575634372
499.661565918663
510.728556202953
521.795546487244
532.862536771534
543.929527055825
554.996517340115
566.063507624406
577.130497908696
588.197488192986