42.6648765837465
53.1362352159318
63.6075938481171
74.0789524803024
84.5503111124877
95.0216697446730
105.493028376858
115.964387009044
126.435745641229
136.907104273414
147.378462905599
157.849821537785
168.321180169970
178.792538802155
189.263897434341
199.735256066526
210.206614698711
220.677973330896
231.149331963082
241.620690595267
252.092049227452
262.563407859638
273.034766491823
283.506125124008
293.977483756193
304.448842388379
314.920201020564
325.391559652749
335.862918284935
346.334276917120
356.805635549305
367.276994181490
377.748352813676
388.219711445861
398.691070078046
409.162428710232
419.633787342417
430.105145974602
440.576504606787
451.047863238973
461.519221871158
471.990580503343
482.461939135529
492.933297767714
503.404656399899
513.876015032084
524.347373664270
534.818732296455
545.290090928640
555.761449560826
566.232808193011
576.704166825196